Time,VID,Spd,XWay,Lane,Dir,Seg,Pos
420,0,0,0,1,1,55,88952
450,0,0,0,1,1,55,88952
480,0,0,0,1,1,55,88952
510,0,0,0,1,1,55,88952
540,0,0,0,1,1,55,88952
570,0,0,0,1,1,55,88952
600,0,0,0,1,1,55,88952
630,0,0,0,1,1,55,88952
660,0,0,0,1,1,55,88952
690,0,0,0,1,1,55,88952
720,0,0,0,1,1,55,88952
750,0,0,0,1,1,55,88952
780,0,0,0,1,1,55,88952
810,0,0,0,1,1,55,88952
840,0,0,0,1,1,55,88952
870,0,0,0,1,1,55,88952
900,0,0,0,1,1,55,88952
930,0,0,0,1,1,55,88952
960,0,0,0,1,1,55,88952
990,0,0,0,1,1,55,88952
1020,0,0,0,1,1,55,88952
900,2,0,1,3,0,45,73530
930,2,0,1,3,0,45,73530
960,2,0,1,3,0,45,73530
990,2,0,1,3,0,45,73530
1020,2,0,1,3,0,45,73530
1050,2,0,1,3,0,45,73530
1080,2,0,1,3,0,45,73530
1110,2,0,1,3,0,45,73530
1140,2,0,1,3,0,45,73530
1170,2,0,1,3,0,45,73530
1200,2,0,1,3,0,45,73530
1230,2,0,1,3,0,45,73530
1260,2,0,1,3,0,45,73530
1290,2,0,1,3,0,45,73530
1320,2,0,1,3,0,45,73530
1350,2,0,1,3,0,45,73530
1380,2,0,1,3,0,45,73530
1410,2,0,1,3,0,45,73530
840,15,0,2,3,0,21,34609
870,15,0,2,3,0,21,34609
900,15,0,2,3,0,21,34609
930,15,0,2,3,0,21,34609
960,15,0,2,3,0,21,34609
990,15,0,2,3,0,21,34609
1020,15,0,2,3,0,21,34609
1050,15,0,2,3,0,21,34609
1080,15,0,2,3,0,21,34609
1110,15,0,2,3,0,21,34609
1140,15,0,2,3,0,21,34609
1170,15,0,2,3,0,21,34609
1200,15,0,2,3,0,21,34609
1230,15,0,2,3,0,21,34609
1260,15,0,2,3,0,21,34609
1290,15,0,2,3,0,21,34609
1320,15,0,2,3,0,21,34609
1350,15,0,2,3,0,21,34609
1380,15,0,2,3,0,21,34609
1410,15,0,2,3,0,21,34609
894,6660,0,1,3,0,45,73530
924,6660,0,1,3,0,45,73530
954,6660,0,1,3,0,45,73530
984,6660,0,1,3,0,45,73530
1014,6660,0,1,3,0,45,73530
1044,6660,0,1,3,0,45,73530
1074,6660,0,1,3,0,45,73530
1104,6660,0,1,3,0,45,73530
1134,6660,0,1,3,0,45,73530
1164,6660,0,1,3,0,45,73530
1194,6660,0,1,3,0,45,73530
1224,6660,0,1,3,0,45,73530
1254,6660,0,1,3,0,45,73530
1284,6660,0,1,3,0,45,73530
1314,6660,0,1,3,0,45,73530
1344,6660,0,1,3,0,45,73530
1374,6660,0,1,3,0,45,73530
1404,6660,0,1,3,0,45,73530
1058,14759,0,1,1,1,48,77836
407,15302,0,0,1,1,55,88952
437,15302,0,0,1,1,55,88952
467,15302,0,0,1,1,55,88952
497,15302,0,0,1,1,55,88952
527,15302,0,0,1,1,55,88952
557,15302,0,0,1,1,55,88952
587,15302,0,0,1,1,55,88952
617,15302,0,0,1,1,55,88952
647,15302,0,0,1,1,55,88952
677,15302,0,0,1,1,55,88952
707,15302,0,0,1,1,55,88952
737,15302,0,0,1,1,55,88952
767,15302,0,0,1,1,55,88952
797,15302,0,0,1,1,55,88952
827,15302,0,0,1,1,55,88952
857,15302,0,0,1,1,55,88952
887,15302,0,0,1,1,55,88952
917,15302,0,0,1,1,55,88952
947,15302,0,0,1,1,55,88952
977,15302,0,0,1,1,55,88952
1007,15302,0,0,1,1,55,88952
1037,15302,0,0,1,1,55,88952
850,40199,0,2,3,0,21,34609
880,40199,0,2,3,0,21,34609
910,40199,0,2,3,0,21,34609
940,40199,0,2,3,0,21,34609
970,40199,0,2,3,0,21,34609
1000,40199,0,2,3,0,21,34609
1030,40199,0,2,3,0,21,34609
1060,40199,0,2,3,0,21,34609
1090,40199,0,2,3,0,21,34609
1120,40199,0,2,3,0,21,34609
1150,40199,0,2,3,0,21,34609
1180,40199,0,2,3,0,21,34609
1210,40199,0,2,3,0,21,34609
1240,40199,0,2,3,0,21,34609
1270,40199,0,2,3,0,21,34609
1300,40199,0,2,3,0,21,34609
1330,40199,0,2,3,0,21,34609
1360,40199,0,2,3,0,21,34609
1390,40199,0,2,3,0,21,34609
1420,40199,0,2,3,0,21,34609
